bbox [[1.64620352e+00 9.15857506e+00 1.75773544e+01 2.84291668e+01]
 [3.42002106e+00 1.07024822e+01 2.32797279e+01 2.34126511e+01]
 [3.24329972e+00 1.96603889e+01 1.08436317e+01 2.65619659e+01]
 [1.05857849e-02 1.26151838e+01 2.23955421e+01 2.42490845e+01]
 [8.38018990e+00 2.16921272e+01 1.60034599e+01 2.83806419e+01]
 [1.23290510e+01 7.93186760e+00 1.79784794e+01 2.00483398e+01]
 [3.14830995e+00 1.95733566e+01 1.06564512e+01 2.71817799e+01]
 [1.05573368e+00 9.80006981e+00 1.85536118e+01 2.74089699e+01]
 [2.31811333e+00 1.18960953e+01 1.29868984e+01 1.69768047e+01]
 [8.25586700e+00 1.26497574e+01 1.36608963e+01 2.39076881e+01]
 [2.92178226e+00 1.93591633e+01 1.07985744e+01 2.64858646e+01]
 [8.39682865e+00 2.17201061e+01 1.58794603e+01 2.83942623e+01]
 [6.35575676e+00 1.19512320e+01 2.42499027e+01 3.09445820e+01]
 [3.04453945e+00 1.96598244e+01 1.07520075e+01 2.66927967e+01]
 [1.29420366e+01 1.67509480e+01 1.85340443e+01 2.75357990e+01]
 [7.27443981e+00 1.75942726e+01 1.26985979e+01 2.88541374e+01]
 [3.31511688e+00 1.96778469e+01 1.05488806e+01 2.68023262e+01]
 [3.11686301e+00 1.95462646e+01 1.09683790e+01 2.69296265e+01]
 [7.50398636e-01 9.42047310e+00 1.83747921e+01 2.74499626e+01]
 [5.70112371e+00 2.28102894e+01 1.56907234e+01 2.80765667e+01]] label [ 0  1  2  3  4  5  6  7  8  9 10 11 12 13 14 15 16 17 18 19] score:  [0.02292523 0.12378452 0.0119473  0.04051058 0.01532445 0.04454283
 0.02454047 0.01266899 0.09969502 0.01429682 0.0716754  0.01519674
 0.14993514 0.0269627  0.15435165 0.01205821 0.05112056 0.01844906
 0.02274659 0.01358842]